{"nbformat_minor":0,"cells":[{"execution_count":1,"cell_type":"code","metadata":{},"source":["import numpy as np\nfrom sklearn.linear_model import LogisticRegression\nimport matplotlib.pyplot as plt\nimport matplotlib as mpl\nfrom sklearn import preprocessing\nimport pandas as pd\nfrom sklearn.preprocessing import StandardScaler\nfrom sklearn.pipeline import Pipeline\n\ndata = pd.read_csv('http://aima.cs.berkeley.edu/data/iris.csv', header=None)\niris_types = data[4].unique()\nfor i, type in enumerate(iris_types):\n\tdata.set_value(data[4] == type, 4, i)\nx, y = np.split(data.values, (4,), axis=1)\nx = x.astype(np.float)\ny = y.astype(np.int)\n# 仅使用前两列特征\nx = x[:, :2]\nlr = Pipeline([('sc', StandardScaler()),\n                ('clf', LogisticRegression()) ])\nlr.fit(x, y.ravel())\ny_hat = lr.predict(x)\ny_hat_prob = lr.predict_proba(x)\nnp.set_printoptions(suppress=True)\nprint 'y_hat = \\n', y_hat\nprint 'y_hat_prob = \\n', y_hat_prob\nprint u'accur：%.2f%%' % (100*np.mean(y_hat == y.ravel()))\n\n# 画图\nN, M = 500, 500     # 横纵各采样多少个值\nx1_min, x1_max = x[:, 0].min(), x[:, 0].max()   # 第0列的范围\nx2_min, x2_max = x[:, 1].min(), x[:, 1].max()   # 第1列的范围\nt1 = np.linspace(x1_min, x1_max, N)\nt2 = np.linspace(x2_min, x2_max, M)\nx1, x2 = np.meshgrid(t1, t2)                    # 生成网格采样点\nx_test = np.stack((x1.flat, x2.flat), axis=1)   # 测试点\n\n\ncm_light = mpl.colors.ListedColormap(['#77E0A0', '#FF8080', '#A0A0FF'])\ncm_dark = mpl.colors.ListedColormap(['g', 'r', 'b'])\ny_hat = lr.predict(x_test)                  # 预测值\ny_hat = y_hat.reshape(x1.shape)                 # 使之与输入的形状相同\nplt.figure(facecolor='w')\nplt.pcolormesh(x1, x2, y_hat, cmap=cm_light)     # 预测值的显示\nplt.scatter(x[:, 0], x[:, 1], c=y, edgecolors='k', s=50, cmap=cm_dark)    # 样本的显示\nplt.xlabel(u'sepal length', fontsize=14)\nplt.ylabel(u'sepal width', fontsize=14)\nplt.xlim(x1_min, x1_max)\nplt.ylim(x2_min, x2_max)\nplt.grid()\nplt.title(u'Logistic', fontsize=17)\nplt.show()"],"outputs":[{"text":"y_hat = \n[0 0 0 0 0 0 0 0 0 0 0 0 0 0 0 0 0 0 0 0 0 0 0 0 0 0 0 0 0 0 0 0 0 0 0 0 0\n 0 0 0 0 1 0 0 0 0 0 0 0 0 2 2 2 1 2 1 2 1 2 1 1 1 1 2 1 2 1 1 1 1 2 1 1 1\n 2 2 2 2 1 1 1 1 1 1 0 0 2 1 1 1 1 2 1 1 1 1 1 2 1 1 2 1 2 2 2 2 1 2 2 2 2\n 2 2 1 1 2 2 2 2 1 2 1 2 1 2 2 1 2 2 2 2 2 2 2 1 2 2 2 2 2 2 2 1 2 2 2 1 2\n 2 1]\ny_hat_prob = \n[[ 0.87657528  0.08222018  0.04120455]\n [ 0.70878524  0.25734725  0.0338675 ]\n [ 0.8222077   0.15871946  0.01907284]\n [ 0.79219681  0.1921252   0.01567799]\n [ 0.90597526  0.06249879  0.03152595]\n [ 0.90844245  0.02832542  0.06323213]\n [ 0.88656883  0.09925984  0.01417132]\n [ 0.86083083  0.10452077  0.0346484 ]\n [ 0.72405324  0.26551478  0.01043198]\n [ 0.76113188  0.20697741  0.03189071]\n [ 0.87970948  0.04972353  0.070567  ]\n [ 0.87629535  0.10155572  0.02214893]\n [ 0.7269432   0.24675499  0.02630181]\n [ 0.77039575  0.22151994  0.00808431]\n [ 0.84803539  0.0215066   0.130458  ]\n [ 0.90516407  0.00677707  0.08805886]\n [ 0.90844245  0.02832542  0.06323213]\n [ 0.87657528  0.08222018  0.04120455]\n [ 0.8390097   0.03863326  0.12235704]\n [ 0.92778389  0.03673823  0.03547789]\n [ 0.79656475  0.1165567   0.08687855]\n [ 0.91441553  0.04828523  0.03729924]\n [ 0.92685537  0.06009188  0.01305275]\n [ 0.81673525  0.13733165  0.0459331 ]\n [ 0.87629535  0.10155572  0.02214893]\n [ 0.68461962  0.27137173  0.04400865]\n [ 0.86083083  0.10452077  0.0346484 ]\n [ 0.86503811  0.08357051  0.05139138]\n [ 0.83650349  0.10899845  0.05449806]\n [ 0.8222077   0.15871946  0.01907284]\n [ 0.77427879  0.20067117  0.02505004]\n [ 0.79656475  0.1165567   0.08687855]\n [ 0.94652077  0.01592464  0.03755459]\n [ 0.92180092  0.01208319  0.06611589]\n [ 0.76113188  0.20697741  0.03189071]\n [ 0.79141509  0.17016976  0.03841515]\n [ 0.80898311  0.09032327  0.10069362]\n [ 0.76113188  0.20697741  0.03189071]\n [ 0.76534374  0.22448848  0.01016778]\n [ 0.85010126  0.10649256  0.04340618]\n [ 0.88585317  0.08109903  0.0330478 ]\n [ 0.336815    0.64254215  0.02064285]\n [ 0.83777603  0.15256507  0.0096589 ]\n [ 0.88585317  0.08109903  0.0330478 ]\n [ 0.92778389  0.03673823  0.03547789]\n [ 0.7269432   0.24675499  0.02630181]\n [ 0.92778389  0.03673823  0.03547789]\n [ 0.82847521  0.15633888  0.01518591]\n [ 0.89365208  0.04918884  0.05715908]\n [ 0.82981738  0.13378493  0.03639769]\n [ 0.00471403  0.22340539  0.77188058]\n [ 0.05559568  0.28055594  0.66384838]\n [ 0.00410129  0.2682679   0.72763081]\n [ 0.01619199  0.78643576  0.19737224]\n [ 0.00403475  0.42963212  0.56633313]\n [ 0.10641933  0.60238884  0.29119184]\n [ 0.13481244  0.23939159  0.62579597]\n [ 0.20377383  0.73885005  0.05737613]\n [ 0.0046514   0.37833356  0.61701504]\n [ 0.29813474  0.5993543   0.10251095]\n [ 0.02375779  0.89046244  0.08577977]\n [ 0.14064459  0.45815017  0.40120524]\n [ 0.00123105  0.65068289  0.34808606]\n [ 0.03797826  0.48030054  0.4817212 ]\n [ 0.23476701  0.52469999  0.240533  ]\n [ 0.00930559  0.2865124   0.70418201]\n [ 0.34224824  0.43041588  0.22733588]\n [ 0.04268191  0.63214616  0.32517194]\n [ 0.0005393   0.59933943  0.40012127]\n [ 0.03174395  0.73386017  0.23439588]\n [ 0.32427095  0.30208122  0.37364783]\n [ 0.02171627  0.52036838  0.45791534]\n [ 0.00176635  0.5450958   0.45313785]\n [ 0.02171627  0.52036838  0.45791534]\n [ 0.01074772  0.41312012  0.57613215]\n [ 0.00811657  0.3397071   0.65217633]\n [ 0.00118087  0.38793874  0.61088039]\n [ 0.00536032  0.3267033   0.66793639]\n [ 0.0571678   0.50252624  0.44030595]\n [ 0.03677189  0.68677613  0.27645198]\n [ 0.02751182  0.77382431  0.19866387]\n [ 0.02751182  0.77382431  0.19866387]\n [ 0.04268191  0.63214616  0.32517194]\n [ 0.01881808  0.57994173  0.40124018]\n [ 0.49388723  0.37131612  0.13479665]\n [ 0.45749186  0.17161925  0.37088889]\n [ 0.00930559  0.2865124   0.70418201]\n [ 0.0006049   0.57013393  0.42926117]\n [ 0.34224824  0.43041588  0.22733588]\n [ 0.0467111   0.75237953  0.20090936]\n [ 0.07863015  0.71812844  0.20324142]\n [ 0.06551528  0.43140745  0.50307727]\n [ 0.02460425  0.66194443  0.31345131]\n [ 0.10050489  0.82218979  0.07730532]\n [ 0.0915547   0.66453726  0.24390804]\n [ 0.26579854  0.45026802  0.28393344]\n [ 0.17310654  0.53464512  0.29224834]\n [ 0.02500697  0.45690153  0.5180915 ]\n [ 0.17820762  0.73229381  0.08949857]\n [ 0.10641933  0.60238884  0.29119184]\n [ 0.13481244  0.23939159  0.62579597]\n [ 0.04268191  0.63214616  0.32517194]\n [ 0.0010692   0.29464146  0.70428934]\n [ 0.01639857  0.43413375  0.54946768]\n [ 0.01233877  0.35501516  0.63264607]\n [ 0.00015507  0.2827341   0.71711083]\n [ 0.28850289  0.65846669  0.05303041]\n [ 0.00028489  0.32372381  0.67599129]\n [ 0.00034647  0.47621593  0.5234376 ]\n [ 0.0171471   0.09321734  0.88963556]\n [ 0.03681262  0.26796965  0.69521772]\n [ 0.00350564  0.47912871  0.51736565]\n [ 0.00355668  0.31590964  0.68053368]\n [ 0.02131113  0.70984569  0.26884318]\n [ 0.0733354   0.59002078  0.33664381]\n [ 0.05559568  0.28055594  0.66384838]\n [ 0.01233877  0.35501516  0.63264607]\n [ 0.00680735  0.0542609   0.93893175]\n [ 0.00001253  0.40679295  0.59319452]\n [ 0.00123105  0.65068289  0.34808606]\n [ 0.00706031  0.22935836  0.76358133]\n [ 0.1502298   0.6044267   0.24534351]\n [ 0.00003624  0.35150089  0.64846287]\n [ 0.0053291   0.50113215  0.49353874]\n [ 0.02732993  0.20573035  0.76693972]\n [ 0.00212944  0.21515251  0.78271805]\n [ 0.01425201  0.49474493  0.49100306]\n [ 0.06551528  0.43140745  0.50307727]\n [ 0.00613013  0.44880828  0.54506159]\n [ 0.00072237  0.29045065  0.70882698]\n [ 0.00011312  0.35501354  0.64487334]\n [ 0.00319565  0.05451181  0.94229253]\n [ 0.00613013  0.44880828  0.54506159]\n [ 0.00934131  0.47063409  0.5200246 ]\n [ 0.00707078  0.57701012  0.41591911]\n [ 0.00010611  0.28232739  0.7175665 ]\n [ 0.20678639  0.18686291  0.6063507 ]\n [ 0.03261551  0.32791508  0.63946941]\n [ 0.09712092  0.44777754  0.45510154]\n [ 0.00410129  0.2682679   0.72763081]\n [ 0.00930559  0.2865124   0.70418201]\n [ 0.00410129  0.2682679   0.72763081]\n [ 0.04268191  0.63214616  0.32517194]\n [ 0.01062161  0.23674707  0.75263132]\n [ 0.02732993  0.20573035  0.76693972]\n [ 0.00536032  0.3267033   0.66793639]\n [ 0.00176635  0.5450958   0.45313785]\n [ 0.01233877  0.35501516  0.63264607]\n [ 0.28197164  0.1856415   0.53238686]\n [ 0.14064459  0.45815017  0.40120524]]\naccur：79.33%\n","name":"stdout","output_type":"stream"},{"data":{"image/png":"iVBORw0KGgoAAAANSUhEUgAAAYkAAAEeCAYAAAB/vulGAAAABHNCSVQICAgIfAhkiAAAAAlwSFlz\nAAALEgAACxIB0t1+/AAAIABJREFUeJzs3Xd8Tff/wPHXuSuTDGLFiBkxYsSeodQuUrMopRTdtVr9\n2kWHalWrhBYtRY2q7UeJLWLE3oQEiYRE9p3n98clRBJuuMlN4vN8PDwk53Pu57zvyb33fT/nfIYk\ny7KMIAiCIGRCYesABEEQhLxLJAlBEAQhSyJJCIIgCFkSSUIQBEHIkkgSgiAIQpZEkhAEQRCyJJKE\nIOSAsLAwJEliyZIlVqvT398ff39/q9UnCJYQSUIo8JYsWYIkSezfv9/WoTxXaGgokydP5ubNm7YO\nRRAAUNk6AEEoiMqVK0dKSgpqtTpbjwsNDWXKlCm0adOGsmXLpiv7v//7P2uGKAgWEUlCEHKAJEnY\n29tbtU6NRmPV+gTBEuJykyAAqampjB8/Hi8vLzQaDV5eXowfPx6tVptuP1mWmT59OmXKlMHBwYFG\njRpx4MCBDPcLMrsnkZSUxLhx46hYsSL29vYUKVKERo0asWbNGgAmT57MO++8A0Dz5s2RJAlJkggK\nCgIyvychyzILFizAz88PR0dH3NzcaNasGf/++6/Vz5HwahItCeGVJ8syAQEBbN26lf79+9O4cWMO\nHjzIzJkzOX36NBs3bkzb98svv2TmzJm0bduWN954gytXrtClSxfc3d0pXbr0M48zcuRIVqxYwciR\nI6lRowbx8fGEhoYSHBxMjx49CAgI4M6dOwQGBjJhwgSqVKkCgI+PT5Z1jhgxggULFuDv78+0adNQ\nq9WEhISwfft2unbtap0TJLzaZEEo4BYvXiwD8r59+zIt37hxowzIn3/+ebrto0ePlgF58+bNsizL\nclRUlKxWq+XXX39dNhqNafstWrRIBuSWLVumbbt+/boMyIsXL07b5urqKo8cOfKFY23ZsmW6Y+zZ\ns0cG5EGDBskmkyndvk//LggvSlxuEl55mzZtAmD06NHpto8dOzZd+c6dO9Hr9bz//vsoFI/fOgMH\nDsTV1fW5x3F1dSU4OJjw8HCrxL169WoApk+fjiRJ6cqe/l0QXpRIEsIrLywsDA8PD4oUKZJuu4eH\nB0WLFuX69esA3LhxA4DKlSun20+lUlG+fPnnHuf777/n/PnzlCtXjtq1azNmzBiOHTv2wnFfuXIF\nd3d3SpUq9cJ1CMLziCQhCLkkICCA69evs3DhQnx8fPj999+pX78+M2fOtHVogpAlkSSEV56XlxfR\n0dHcu3cv3faYmBhiYmLSWgnlypUD4PLly+n2MxgMaa2N5ylWrBhDhgxhxYoVRERE0LJlSyZPnoxe\nrweyd5moUqVK3L9/n9u3b1v8GEHILpEkhFdely5dAJg9e3a67d9991268jZt2qBSqfjll18wmUxp\n+y1dupS4uLhnHsNoNPLgwYN02xwcHPD29kan05GUlASAk5MTwHPrA+jZsydg7nElP7XA5NO/C8KL\nEl1ghVfGH3/8kTbm4En9+vWjffv2zJgxg4iICBo2bMjhw4f5888/6dy5Mx06dADMrYBRo0bxzTff\n0L59e7p27cqVK1dYunQpFStWfGYrICEhAU9PT7p3706tWrVwd3fnxIkTLFq0iA4dOqTd+K5bty6S\nJDFz5kzu3buHnZ0drVu3plixYhnqbNGiBe+++y6LFi0iLCyMzp07Y2dnx7Fjx3B0dOSXX36xzokT\nXm227l4lCDntUbfSrP7t2LFDTk5Olj///HO5bNmyslqtlsuWLSt/8cUXckpKSrq6jEajPHXqVNnT\n01O2t7eXGzZsKO/fv1/28/OT27dvn7bf011gtVqtPHbsWLlu3bqyq6ur7ODgIHt7e8sTJkyQExIS\n0h1j7ty5speXl6xUKmVA3r17tyzLGbvAyrK5q+vPP/8s+/r6ynZ2drKbm5vcrFkzecOGDVY/j8Kr\nSZJl0S4VhJdhNBopVqwYAQEBLFy40NbhCIJViXsSgpANqampGbYtXryY+/fv07p1axtEJAg5S7Qk\nBCEbli1bxvz58+ncuTOurq6EhISwZMkSatasyZEjR8QkfEKBI25cC0I21KhRAycnJ2bPnk1cXBxF\nihRhyJAhzJgxQyQIoUASLQlBEAQhS/m+JeHoXgiX0kWtUpe9VkGqnen5O+Yx+TVuePHYY8PvopWT\nwTGTwniJQi5uOBUp/PIBZuFVPOe5zT4h/TQpCkUSJpOTjaJ5OXkx9oSEMGJiYp67X75PEi6lizJw\n42Sr1FXzojOnvROtUlduyq9xw4vHfmThNvZtXYfhDV36AhnUgRq6/PAeZRp6WynKjF7Fc57bfIIG\npvvd2TmIxER/2wTzkvJi7HPn1rNoP9G7SciXavZshuKaAs4/sdEEin0KCrm6U7pBFZvFJry8pxOE\nYDsiSQj5koOrM32WjsVxTyE0S+xRb7RDPd8O9+hS9Fk8VkyVnY+JBJG35PvLTcKrq2StCry//0fC\nDpwjMSqOIpVKUqrOs6fHEPI2kSDyHpEkhHxNoVJSoWVNW4chWIFIEHmTuNwkCIIgZEm0JARBsCnR\ngsjbREtCEARByJJoSQiCYBOiBZE/iJaEIAiCkCXRkhAEIVeJFkT+IloSgiAIQpZES0IQhFwhWhD5\nk2hJCLnOZDRxeccJds1YQeLdOO5fj7R1SIIgZEEkCSFXJcXEs6jjeDZOX0DIle0kJsWxuOsE9s5e\na+vQhBwkWhH5l0gSQq7aOGY+Dzyi0Q9MhRZAYTAM03N01f9xdfcpW4cn5ACRIPI3kSSEXJMQGUtE\nyGVMLYzw5Bx8zqBvpOXIki02i03IGSJB5H8iSQi5Jv7WPVQeKshsKeiSEHczOtdjEnKOSBAFg0gS\nQq5xKVMUw109aDMpvA1uXsVzPSYhZ4gEUXCIJCHkGudirpRrWg1FkBLkJwriQX1IQ6MhnWwWm2A9\nIkEULCJJCLmq87fDKJpcCvVCO/gPeCChDFTTeMgbeDWrbuvwhJckEkTBIwbTCbnKwdWZQeuncuPg\neSJCLlGosBvDdnxD4ZLutg5NeEkiQRRMIkkIANw5dZ0b+8+i0Kio0s4P1zIeOXYsSZLwaloNr6bV\ncLroTOGSokGb34kEUXCJJPGKM6TqWDtiDrdOX8ZQxYDCqGDvnLXU6dua1l/0EetFC88lEkTBJpLE\nK27X1ysJj7mEcYQelGDEBC3h5PLdlKhWjurdmtg6RCEPEwmi4BPt/FeYPlXH6TX7MbYxJ4g0jqBv\noePQok02i00QhLxBtCReYckx8UgawCWTQk+I33wvt0MS8gnRgnh1iJbEK8zBvRAmrQyJmRRGgXNJ\n11yPSRCEvEUkiVeYxtGOqp3qowxSgemJAi2o92mo/3Z7m8Um5F2iFfFqEZebXnFtJwwgZsAt7i+O\nQl8lFUkvoTyrpnJrP2r3bWnr8IQ8RiSIV49IEq84u0IODFw3iev7znJt7ymUGhU+YxtSooaXrUMT\n8hCRHF5dIkkISAoFFVrWpELLmrYOJUfIsszt41eJOhuGvaszldrUQeNoZ+uwBCFfyPV7EkajkTp1\n6tC5c+cMZbIs89FHH1GpUiV8fX05fvx4bocnFDDJ9+JZ0n0Sq0Z8x+7Nq9j+6xJ+bvQRl3ecsHVo\n+YZoRbzacj1JzJkzBx8fn0zLtm7dyuXLl7l8+TKBgYGMGDEil6MTCpp1H/xEjPMt9MO1GDro0fVO\nRd9by4ZRv3L/mlhb+3lEghByNUlERESwefNm3n333UzL//33X95++20kSaJRo0bExcVx586d3AxR\nKEBirtwm6sJNTK2M6V/pnmCqY+DoH/9ns9jyA5EgBMjlJPHJJ5/w7bffolBkfthbt25RpkyZtN9L\nly7NrVu3cis8oYC5d/kWitLK9KPJHzKVNhF14UbuB5VPiAQhPJJrN643bdpEsWLF8PPzIygo6KXq\nCgwMJDAwEAB9VCI1LzpbIUJwSFVara7clF/jhpyN3btEE5q/WwHZQ85YWArsWznh+oLHLsjn3D6h\nCDgH5V5AFlIqE3HOg3FZIj/HnmtJ4sCBA2zYsIEtW7aQmppKfHw8/fv3Z9myZWn7eHp6Eh4envZ7\nREQEnp6eGeoaNmwYw4YNA6Ckb3lOe2c2ZDj7al50tlpduSm/xg05G7ssyywYNZMHvjFQ+4mCBFAt\n1tB74RhKezu8UN0F9Zz7BA3MdAB+XuDsHERior+tw3gh+Tn2XLvcNHPmTCIiIggLC2PlypW0bt06\nXYIAeOONN/jjjz+QZZnDhw/j4uJCyZIlcytEoYCRJIk3f/0E+32OqNdp4BhIuyRUv2loOKgDpf0q\n2zpEQcjzbD5OYv78+QAMHz6cjh07smXLFipVqoSjoyOLFy+2cXRCfufhXZrhu2dxZt0BIk5ewqmy\nK7XGt8CjapnnP/gVIu5BCFmxSZLw9/fH398fMCeHRyRJ4pdffrFFSIKVmEwmQv8K4u65mxSrVpba\nb/ln2VEht9gVdsRvUFv8aGvTOPIqkSCEZ7F5S0IoOML2n2X1sO8xqU1QCtgM/81YRs/AUXg1q27r\n8IRMiAQhPI+YBVawCl1iKquGzMLkb4JPgN7AJ2DyN7FqyCx0iam2DlEQhBcgkoRgFXtnrwMPGRoA\nj5bFljD/XlRm3w/rbBeckIFP0EDRihAsIpKEYBW3T1yBrDoLVYHbJ67majyCIFiHSBKCVTgXc4WY\nLAqjwckjszVSBVuwTyhi6xCEfEQkCcEqmo96E84Dd58quAtceFgu2Jy4xCRkl+jdJFiFRxVPavdp\nReii3VAf8ARuASFQu08rPKpkHDkv5C6RIIQXIZKEYDXtvhpIpTZ12DPrb+Kv3qdwUXdaBvaior+v\nrUN75YkEIbwokSReAafX7Ofq7pN4eJem0fudUSozmRbVSir6++ZqUpBlmagzN0iMiqVIpVK4eRXP\ntWPnFyJB5H+yLHPjxnFiY29TqpQPxYtXeuG6tNokLl3ab/H+IkkUYLdDr7LsrenIRhOUgIt7Qtj/\nyz+0/d/b1B3Q2tbhvbSYK7dZN3IOiXFxKDwUGMMNlKxVge4/fYiDW/6codXaRILI/27fPs+cOW8R\nF5eAQlEVgyGEChXq8+GHS3F2zl4nhG3bfmLduikolTWpVs2yx4gb1wWU0Wjkzz7TkKubYAzwDvAZ\n0BZ2TP2DmCu3bRzhy9EmpLC8z3Riq0ahH65F2zMFw0d6bhmv8Pe7s5DlTKYHf8WIBJH/paTEM316\nW6Ki3kervURKyib0+ptcuVKJWbPezNbr/NChFaxb9zM6XTApKUEWP04kiQJq/+x/zO3EDjxuLyqA\neoAXbPx4vq1Cs4qz/xzAWEoPdXn8KlaBqY2RezfvcCf0mi3DszmRIAqGAweWodc3At7l8QvdDqNx\nNnfuhHPt2hGL61q37ht0ul+A7F2qEkmigLoedMo8uC2zv3BVuH8rfy8LG37iIvpyuowFCpArmIg8\nfT33g8ojRIIoOC5ePIpO1z6TEgUmU1uuXz9qUT0Gg56YmDPAa9mOQSSJAsrBvRDEZlEYByqNJlfj\nsTZHdxekBCnTMkWCEnuXV/OehEgQBYuLizuSFJ5pmVIZgbOzu0X1KJUqVConIPtfDkWSKKDaTnsb\nIoCnbz0kASHQaHAnG0RlPbXebIEyVG1+Pk+6DXK4iUpt69gkLkGwphYtBqBWLwSinyo5jsl0iDp1\n3rCoHkmSaNSoP0rlTCB79+tEkiig3L2KU9G/FiwGdgFXgcPAPHAq6krD4R1tG+BLKlatLPUGtEW9\nWAPBwFWQ9ihQrdTQ6duhaBztbB1irhOtiIKnbNlatG07DI2mATAX2IlCMRmNpj1Dhy7Ezs7J4rp6\n956Ku/seNJruwHqLHye6wBZgPRZ9yrE/drL3xzXojmlRKlX4BjTn9Wlv2zo0q2g5qiflm9Tg2F87\neXA+huLe5ag/vh1FK796o7tFgii4evacTI0a/uzc+RsxMespV86Hdu2C8PS0sA/rQ87ORZg27RD7\n9i3l8GHLO66IJFHA+b3dBu/29Yi9HoVzcdeXGmwmyzJ3z91En6zFo2oZ7Ao5ZLpf/K17PIiIwaV0\nUQp75uxkcmUb+1C2sU+OHiOvEwmi4PPx8cfHx/+l67G3d6Zt2/dp2/Z95s6tZ9FjRJIowLSJKWwe\nF8i1PWdQFVdhvGekSMVSdPvxfVzLeGSrrvAjF9k4dgGpyUkonBUYowzUGfAa/mN6oVCar1omxcSz\n4bN53DpxFVVxFYYoA551KvLG7JE4FS2cE0/xlScShJDTRJIowNYO/5HbqdcwfqjHaKcHI9wNvsGy\nXtMY9t93Fl+3v3f1Dqvf/R59Rx14Y15MKB5O/LMLhVKB/5hemIwm/uo/gziPaEwfGTGq9aCHiL2X\n+av/DN7dMgPJxmtdFzQiQQi5QbxrC6ioMze4c+46xg56eJQLlCA3kdG5aTm/4bDFdR1euBmDnwGq\n8njVucJg6Kbj2B870SWlcn3vaRJS4jC1NoL64T5qMLU2kpgcx7U9p6347ASRIITcIpJEAXXrxBWo\nJEMmc/npK2gJO3LW4rpuhpxHrmzKWOACCnclMZduEXH0EvryqY+TyCMS6CqkEnH0cvaegJAlkSCE\n3CSSRAFl5+yAlJz5n1dKlnAobPlgMztnh4zjEQBMICcY0RRywL6QE4qUzK9eKlJU2Bd2tPh4QtZE\nghBym0gSBVSl12ojXzdlHIOTAspQNTW7N7O4rto9WqEK0cDTjYlz4FzUjSIVS1K1cwOksxLEP7VP\nPEhnJXw6N3yRpyE8QSQIwRZEkiig7Ao70nbK26iWa+CQZF4l7iSo/7Cj5hvNKFmrgsV1+fZqQTG3\nsqhWaOAiEA6KXQrUO+zo/M0wJEnCpXRRmr7/Buo/NHAU8/GOgvoPDU3ffyPHu8IWdCJBCLYiejcV\nYL49mlO0kifBv23m7p5wCpVwp/7UdlRqUztb9ajs1Lz15+ecWr2Pk+uC0CWmUK5RdRp+1QHXssXS\n9ms8ogulalUkePFWYvdE4VauOA1/6kC5Jtkb9CMIQt4hkoSFZFkmNiwKo95IkQolUKhybnW37Ii/\ncx9DqgZdsjbTLq2laleg+9wPX/o4So2KOv1aUadfq2fuV65JNZEUrEi0IKzLaDQQGXkRpVJD8eKV\nkKTMJ4kUHhNJwgI3Dp5j64TfSYqNR1JLKE0qWn7Wk9p9/W0W0/3rkWwaF8jd8+FU+upr5vb/gjr9\nWuM/umeeSWCCkJcEBf3G6tWTMRgckOUUXFzceeedH6hWLf+v0piTRJJ4jsjTYawZ/iOGTjqoAkig\nv63lv9l/oVAr8e3RPNdjSolN5M9e00j1S4aPZWQPGcO7Ok5s2oUuKZX20wblekyCdYkWhHXt27eU\nv/6aiU63AagDyERHb+LHH/swfvxWvLz8bB1inmVxkggODua///7j7t27mEzpu7n89NNPVg8sr9j3\n01oMTR+ONH6kFBi66Ng7ezU1A5rm+kjiE3/twlBWB42emPLXBQwBOs78fIDmH3XHycMlV2MShLzK\nZDKxevVUdLo/MScIMA/o6YJON4F1677ms89W2zDCvM2iJDFr1izGjh1LpUqVKFWqVLrreAX9ml74\nkcswJJOCMqBNSiEhKo7CJS1b+MNarh44haGyPmOBAyi9VNw6foUq7cQ3o/xItCCsLzb2FikpSUDj\nTEoDuHTpq9wOKV+xKEnMmTOHn376iQ8++CCn48lzVA5q9Kmp8PT8dEaQdTJq+9xf4U3jaA+pWRSm\nyKgdXr21FAQhKxqN+R4E6Hg8R80jsajVYqDns1h0nSQ+Pp6OHfP3IjUvqnqXxihCMrkRHArFfMvi\n4Jb7y2T6dmuB+oQdGJ8quAXESpRtVDXXYxJenmhF5IxChYpStmx9YEmGMqXyJ5o06Z3rMeUnFiWJ\nvn37sm3btpyOJU9qMvINnO+6oNygMi8HGgXSbgWa/fa0n/yOTWLybu9HSa8KqFZq4ApgAI6A6m8N\nHaYPRqkR/RHyG5EgctY778zG3n4iCsX/gDNAMCrVIFxd99Olyxhbh5enZflpMnv27LSfy5Qpw6RJ\nkzhw4AC+vr6o1ep0+3722Wc5F6GNObg5886GaRz5bRtnNx3EqDdQsUUtGk/rnG4gWW5SqJT0WjSK\nkyv3cHzlThT1lVQw1qLpkjcoVaeiTWISXpxIEDmvTBlfpk49xKZNszl58k1UKjuaNHmT9u1/wMnJ\nzdbh5WmSLMuZropdvnx5yyqQJK5du2bVoLKjpG95Bm6cbJW6al505rR3olXqyi3xt+5R/24JTnsn\nmO9VZCI1IZmYixG4li2GczHXTPeRZZnEqDiUaiWORXJ+gSCT0URiVCyN48pwtlpyjh/P2qz1WrFF\ngnB2DiIx0T/Xj/uy8mvckDdjnzu3HkePHn3uflm2JK5fv27VgATrun3iCqtH/EBqdBIVv5vFD71G\nU65JNXr99hkKlfnPqktO5a9+M4k6fcO8xoMOnD3d6Lt0HO7lS6TVdX5TMLu/W0lKbCKyQaZIlZK0\nm/wOpWpbPr+TpWRZJvSv3ez7aR16rY6KE2ew7KsFtJ/6DkUrlbL68fIy0YIQ8gOL7klMnTqV5OSM\n3/ZSUlKYOnWqRQdKTU2lQYMG1KpVi+rVqzNp0qQM+wQFBeHi4kLt2rWpXbu2xXW/ah6ER/Nnn+mk\neifBWKAEMBRuXDjH0h6Pz9nC9l8QFXsD3gfGAaMgsVgsv3X+El2iuXvU+U3BbJn4Gwn+sRg+1WMc\nZeBu+XBWvv010RcjrB57yOLt7Jq7kpQ3EjF8ooPicMvlMst6TSP+zn2rHy+vEglCyC8sShJTpkwh\nMTFj0zo5OZkpU6ZYdCA7Ozt27drFyZMnCQ0NZdu2bRw+nHF1tObNmxMaGkpoaCgTJ060qO5XzY4p\ny6C8DK143KOvGDAA7p65yf3rkVzbc5rEqFh4C3h0ydUR6AQmFyN7Z61FlmV2f7cSQxcdlMc8vkgJ\n1AJ9Qz375q6zatwGrZ4DP63H8KYOPB9ulICGoPfRceS3rVY9Xl4lEoSQn1iUJGRZznTQ3IkTJ3B3\nt2wgmSRJODubu4vq9Xr0en2BH4iXU8JPXoRamRQ4A55wevU+zqzdbx4l/vQwDgmoDZf3HicxKo6U\n2ETwyqSuGjI3DpyzatzRF8KhEOCRsczkY+TKnlCrHi8vEglCyG+yvHENUKhQISRJIikpCUdHx3Qf\n6kajkdTUVIYPH84vv/xi0cGMRiN+fn5cuXKF999/n2+++SZdeVBQEAEBAZQuXRpPT09mzZpF9erV\nM9QTGBhIYGAgAGHhN5jz53yLjv88DqlKUuyfHnyQ90RduInsZDK3DIDSdqWJ0D68NBQNzu6uGHUG\nUlISIbMcnghKnZoi5Utw92IEFJczLjtqAOm+guI+Za0WtyFVx72wO8gej19yabFrQZWspmglz2fU\nkHe8yGvFPiFvrKmhVCZiNOb++J6XlV/jhrwZ+8yZoy26cf3MJLF06VJkWWbw4MH8+OOPuLg8ng9I\no9Hg5eVF48aZDXV/tri4OLp3787cuXOpUaNG2vb4+HgUCgXOzs5s2bKFjz/+mMuXn7028qvYu2n7\nl0sJ3b0b3gUUMKvKLEZfGg1RwEL4+NgvJETF8XvHL+Ej0o8WNwBzodUHvWkwtAOLu03gbvnwDC0T\nxXYltbxb8vrkt60Wt2wy8UvzT0l67QE8vCc+q8osRl8cjeofNU07dqPR8E5WO15Oyu5rJS+1IPJi\nTxtL5Ne4IW/G/tK9mwAGDjS/sMuXL0+TJk0yjI94Ua6urrRq1Ypt27alSxKFCz/+NOvYsSMjR44k\nJiaGokWLWuW4BUWrL3pzdvMB9H/pwB+oCJwEtkHNgGbYuzhh7+JE2cY+3Fx0HtoDZYEYYCc4Ohai\n3pB2ALSb/A4r3/4afaIeasigA8VxJfZhTjSZ84ZV45YUCjp8NZj1n/yCodnDSRP1oNygolCKG3X6\nFcwpm/NSghCE7MrynsTNmzfT/pUvX547d+6k2/bkP0tER0cTFxcHmHtF7dixg6pV008fERkZyaOG\nzZEjRzCZTBQpkjea6HmJxtme4UGzKVeyGtJyCe6Ceo89LT7sQcdv303br++f42jQtwOq7Wr4EaTV\nCirX8GPE7u9RPJy5tlTtCgxYPZHKdnXQLLHH/m8nanm35J1/p2Y5puJlVGxViz6Lx1IupRrq3+xR\nxCnxa9SWt9dMwq6Qg9WPZ2siQQj5XZYtCS8vL4tvLBuNz782e+fOHQYOHIjRaMRkMtGrVy86d+7M\n/Pnm+wnDhw9nzZo1/Prrr6hUKhwcHFi5cmWeurmtT9VhMhixc365DzOTyUTinVjsXZzQOGc+AO55\nHF2d6fPnWHSJqXiEufLJ0XlpH/xPavVFb/zH9USbkILGyT7TBYk8vEsT8PNHaBNTUKiULz1poUFn\nICkqFqfibqgymSLEs24l+vw+FoBiF51p1TV/zZ1j1BmQjaYsO3Q8YkmCSElJQKlUodFk/ZrS67UY\nDFrs7QvlqfeD8GrIMkmEhISk/Xzp0iXGjh3L8OHD0+5BHDp0iAULFmS4+ZwVX19fTpw4kWH78OHD\n037+4IMP8uRMs9EXI9gxfRm3Dl8CwK1yCVqP7UuFljWzVY/JZGLjJ/O58H8hoDe3mAqXdafHglF4\nVMneDdvoS7dY8973xN+8z6xvZvFdjzFUfb0+XX4cnpYsTEYThxdsJuT3beiSUlEoldTo3gT/cb3T\nJbpre06z69sVxF6OBMCzURXaftkfD+/S2YopNSGZVYO+I/LUdZABCUr4lqf3kjHYF8r/M20mxcRz\ncMpyzm8/xvSZX7Nk4DTqfNSVWv1bZfvD+/Tp7axYMYnIyFOATJUqbejffyalSz++/BodHcayZeM4\nc2YjoMDVtTy9ek2gYcNe1n1igvAMWSYJP7/H6xF89tln/PDDD/To0SNtW+vWrfH29mbOnDn07ds3\nZ6O0ofvXIlnW+yt0jVNhNKCCexdv88/Hc+k2eyQVW9e2uK6VA74m/MIl6AeUBpIgft99FnedwMg9\nsy2+vJPWoi3wAAAgAElEQVR4N47FXScg+5qgB1AK6CdzYf0RkgbE8dby8QBsm7CY84eDMfTQQQkw\nPTByes9+bve7ysC1k1GolFzdFcr6z+ZhaKeDNwEDhJ+4wLLeXzFw3WTcK5R4VihpTCYTC9qMJdU5\nEYYDRYB7ELnlOgvajOXDQz9l2tLJL3RJqaztOoWeUXFsMxg5K8O/0Q94Z8ZKtDEPaPhp97R9n9eC\nCA3dzLx576LT/Qp0AbRcuPA7X331GpMn76NEiSrExUUyZUoLkpKGIcuBQGHu3fuP334bRkpKIv7+\ng3P0+QrCIxa9a48cOYKvr2+G7b6+vhw7dszqQeUl++auQ19XCw0xjzlQAD5g6KRjx4zlPKNzWDoP\nwqMJD74EA4EymLucOgMdQPY0sXPKcotj2jF5GbKnCToATg83lgEGQnjwJeJv3SMuPJpzGw9j6GVO\nEAC4gLGzgdgHd7nyXyiyLLNjxnLz0qw+D5+bBvPgtrpa9v/8j8UxnV69n9SkROiLOUHw8P++kJqU\nyJk1ByyuKy86s3ofde4nMMdgTBvm0QjYmaLj6PwtaOMtm39KlmWWLx+PTvc70A3z6EVH4AO02g/5\n5x9zy3z79p9JTe2CLP8PcMH8gmmDTreOv/+egMGQyaJTgpADLEoSXl5ezJs3L8P2efPmUa5cOasH\nlZdc33Ma2TeTRFAREqPiSLwbZ1E9oSv3mr/xZzZ3Xl24fuS0xTGFhZyBupkUFAZKwYm/ggjbewbJ\nW4Knb3koQO+j5eLOoyTejSMxKs7cO+opck2Za0GnLI7pzNr9UJuMbVMVUAtOr9lncV150a3NIQxJ\n0WXY7gnUVau4GXwRn6CBz21FxMXdIS7uNtAuQ5ks9+fUqS0AHD26BYNhQCY11MZkcic8/OQLPAtB\nyD6LFh744Ycf6N69O9u2baNRo0aAec3rsLAw1q2z7tQNeY5Cyri4zyMm2eJLKEqVAkxZFJqytwys\nJEnPrEupUiApFUhZxg0KpcIcuymLlpAJ83O3NCal4hnn6WF5PiYpFWT13d0AKJSWnSuFQoksGzHf\ntMlYkyQp0/bjGUc0lwtCzrPondu+fXsuXbpEQEAA8fHxxMfHExAQwKVLl+jQoUNOx2hTVdr6IYVm\ncprOg6tXMZw8XDKWZaJ2v1YQCdx7qkAGjkDllpavSV25eV04QsbPmXtAJNQZ8BoV/H0xXTJB0lP7\nGEF91g6f9g1x8nDB1csDzmc8hhSqoMrrlsdUu68/hGJeIfJJOiAU6ubzMRBlujfmV0e7DKf8MnBG\nJ9FWb9k6yS4uxfHwqAxkvJSnUCzCz68rAI0bd0WtXpRJDQdQq1MoUybj5V9ByAkWf70rU6YMM2bM\nYN26daxbt47p06dTpkyZnIwtT2j2QTfszjsgBUmQAGiBY6DaruH1CZaPRnYu5krl1+vCYuAi5q+f\nMcBaUN5X8dr/LL/5/9rEt1DeV8Hah3XID+tcDJVf98OpaGEKlXDD7+02qFdo4NrD40WCaq2aEl5e\nlG9h7kXz+oSBqLZr4NjD55YAUpCE3XkHmr3fzeKYqr3RiMIliphXiAx/eLxwYAkULlGEqp0bWFxX\nXlS9a2PCSheln0bFRcynfCPwmoOGrj1mYmfn9JwaHhs48Fs0mpHAQswvqkgkaRIODsvo1m0cAG3a\njMTZ+TBK5cfADSAZWIlG05MBA2aJloSQa7JMEsePH8dkMqX9/Kx/BVlhzyIM+mcy3m71Uf6qRpql\noMyDqvRdOi7ba0kHzPuIBv06oNykgunAAiimKsewHd9i72L5h4y9ixPDdnxLMVU5WADcAeUmFQ36\ndSBg3odp+/mP7U2bj/rjctADaaaEwz/ONGzXkV6/jUZ6eJmsbCPzcynzoCrSLAXKX9V4u9Vn0D+T\nKeyZvYGMQ7d/Q6UatZH+kmA6SH9JVKpRm6HbLesmnZep7DV0X/s/bgx4jUaFHDgOfFS5FF2HrOC1\n1z/KVl1Vq7Zk3LiNVK26AYXCA7Xam/r1w5k8eT9FipjnynJ2dmfKlH00bWrEzq4ukuSKl1cgH3/8\nBw0a9HjOEQTBerKcu0mhUBAZGUmxYsVQKBRIkpRpTx5JkiwaTJdTXsW5m55mSdyyyZSWGPKS/HzO\nDXfezJVjmUwmTCYTKpV11i631jxCBoPBajFZIi/Of2SpvBi7VVam8/DwSPtZyFu08cnsmb2GM2sP\nMHPSdAI/+o7mHwTg06Vh2j6PVoE7FLiJhBv3sSviSO2+rWj2QVdULzmq+lVnn1CEnE5tN2+eYt7c\nvkRGXwH02KmL0rHzR3Tt+r8cPnLWkpLimD27G1evHgWSkCQ3GjTowHvv/Zmvx8EIWcsySTzZtbWg\nd3PNb/SpOv7oNY0HTtEYBxugJMTWj2LLtN9IiLpPg3fNnQn+m/EXp7btQd9GB2VAey+Zo0H/R8Sx\nS7y17AsU+bzHka34BA0E56AcPUZk5GUmT2qKLA8GdgJF0eo38M8/Q0mIv0v/AT/l6PEzYzDoGDWq\nBqmptYEQwBtZPkhw8HvcudOcqVPz91gYIXMWfUq8/vrrzJgxg4MHD2IwGHI6JuE5zq47SAL3MHY2\nmFedk4BKYOijY9+P/6BLSiX+zn1C/wpC31cH5TD/pT3A2F3P3YibXN9r+bgM4bHcmrBvye/DQH4D\nmTlAScyLlL8JbOG//xZjMGQcs5HTNm6cQWqqM7Cex6MvmwF7uXkzlGvXQp75eCF/sihJNGjQgK1b\nt9K6dWvc3NxE0rCxc9sOoa+hy7hQkDsoPJXcPHyBa0GnzIPpnp4ySQn6aloubDuSW+EWGLk5o+vV\nq6cxMSKTkkaAK0eOrM61WB45eHA95jlXnr4AUQToxM6dc3M9JiHnWXTX6auvzH3AU1JSOHjwIEFB\nQWzdupXJkydjb29PfHx8jgYppCfLmawk94gkgyynTbCX+T5YPJ2IYJbrU37LkPV3OAWZD8bLWebX\nTNYxyXJWIzyF/CxbF6Xj4+OJiYnh7t27REVFoVKp0k0EKOQOn9cboj6ryfg5EQemcCNlGlalfIsa\nyBdlSH1qHxOoz9nh3bZ+boWb79liTQiv8j4oWJhJyTHgHvXq5X432IYNOwGBZBzu/wDYRKtWmbV8\nhPzOoiQxcuRIqlWrRoUKFViwYAGlSpVi4cKFxMbGsnv37pyOUXhKjTeb4ah1QbFdaR6LBRAG6lUa\nGo3sgl0hB1xKF6VG96aoVmrg9sN9Ys2rwBUpWpKKrWtlUbvwJFstGjRo8HxkViMxHriP+YN5K9Ce\n5s3fQqN5sXVIXkbXrhPRaGKAPsCjHo/HgFaULFmVKlWa5npMQs6zKEnMnz+fe/fu8fnnn/Ptt98y\nceJEWrZsiZ2dXU7HJ2RC42jHwDWTqFauEcp5KrgDhXa70ebTfjQZ2SVtv3ZT3qZZv244/FsIaYYC\n9e8aatX1p6/o2WQRW64q5+lZnS//9x/urquB4oAGtbI/HTsOZvCQQJvEpNHYM2vWKUqXvglUw3wz\nvRW+vuWYNu2wTWIScp5F9yQuX75MUFAQQUFBLFy4kISEBJo1a0arVq3w9/enbt3MpiQVcpKDmzOd\nvhlKhxlDKH6pECOCZmeYJFBSKGg4tCMN3u2AIVWHyk6dJwfUCZmrVKkh3/94GZ0uFZ0uGWdnd1uH\nROHCxfjqq8MYDAZSUuJwcnIX4yMKOIuSRMWKFalYsSJDhgwB4MKFC3z77bd8/vnnGI1Gm464zops\nMhG6IogjS7aScCuOQp6uNBjUkdp9W2b7gzIhMpZ9P63j0rajmPRGyjSuSouP36R49cfjR3TJqfz7\n4TyuHzyNrJNROqmo1d2ftlP6W/upAaBP0XLo102cXLOHaaMn8ceEuTR7P4CKrTJO/CZJEmoH0ep7\nlvvXIzn6/Tqu7jqJwqimVq2OuAU0oUSJyrYODY3GPsvLSwaDgd8WDiQkZBsGUyIqhTP1G3RgyLtL\n0o2GvnRpP2vXfs316wf4+uupbN26ha5dP3/hxKNSqShUqGiW5adObWXduu+4des4Dg5FaNnybTp3\nHoOd3ePudpGRl1m3bgYnT24CoFatzgQEjE93zrXaZLZtmknwnkBGTxrH4rljaBswFV/f7E8seuNG\nKGvXzuDChf9QKjXUqxdAQMB43Nyytyrkq8aiT0uTycSRI0f45ptv6NChAw0aNGDZsmX4+fkxduzY\nnI7xhWz932J2B64krnE0xg/1xDWOZnfgCrb+b3G26kmIimVx14mcuXEAbf8U9MN0XFOcYlnf6dw6\ndgUAk8HAr61Gc+3yKeS3ZBgNxk4Gjv+7k+VvzbD6czNo9SzvO4Mju7eR3CUeuZhMpFcY60f/TOiK\nIKsfr6C7d+U2q7tMpuuWEM4kazmlTaRVyBq+nVyP27cv2Dq8Z5r4ZV2Cg09iMP0NRGEw/U3w4VAm\nfvm4dX/ixEZmzerBxYvd0ekuYzJVZteuWCZPbkFy8gOrxxQU9Bs//zycsLD30OuvER+/hm3bTjNj\nRjv0ei0At29fYPLk5oSEVECrPY5We5yQkApMntw87Zzr9VrmzGiGvG0Wm+Lv4ivLfBl2lJU/92Bv\nUPYuuV25cojp09ty6lRTdLqzpKQc4MABRyZObEJs7O3nV/AKsyhJuLq60rx5c9avX0/t2rVZvXo1\nsbGxHDp0iJkzZ+Z0jNkWfTGC81uC0b+lgwqAA1AB9G/pOL8lmOhLtyyu68DP69FWSkJuawJ3oBDQ\nCAxtdGyfugSA4MBtpGoT4W3MK8Q5AN7AEIg4conoC+FWfX4XNh3hfmIkxu568zgrBVDDPJhu18wV\n6FNzf6BVfhb81Qq+TEplkkmmDOY/4STZxOepCWxcOcrW4WXp2LF/uB0VjolDwGuAK/AaJg5xOyqc\n48f/xWQysXjxJ+h0K4EhQFHAHqNxIQ8e1OS//+ZbNSatNpkVK8ah020DemN+09RBr/+byEgVR478\nDcCKFRNITR2DLE+Ah2ddlieQmjqalSsnAnDkyCrcIy+xVp9KHcxr+PUGduqSWbviM3S6FIvjWrJk\nNDrdHOBjzEs1VsBk+o7k5Df599/8PwFlTrIoSaxevZr79++nJYV27drh5GT5rKW57dK2YxirG+Dp\nKyx2YKxm4NK2509q9cjFbUcx1cmk/3d1uH8lkqSYeE6t3wv1yXjxrhBQCY4s3JbNZ/BspzfuR19L\nm/Gv5wFScYmbh/L2t9+8xGQ0cX7fWYZlMuzgPWSOntmeNhtyXrNjx1wk3sb8QntSISQGsGPHT4SH\nn0KrVQEtMzxer3+PAwesu2jYhQtBKBQ1MY/IfpICrXYo+/evxWQycvbsBmBoJjUM48wZc3I7uX8p\nI7VJGV7mPkB1ScmFC0EWxRQff5fIyHNArwxlRuN7hIQU8IXTXpJF9yTatcu41GJeZjQYkJWZv7Fl\nlQmj3vJR4iaDMfOzpABJKWEyGM37qLOoQE22jmcJo96Q9V9OJWGy8vEKNFlGluUM3yfA/B3DJJse\nDhLLezdnTUY9Mpl/WZNxxmDQYzTqkSR7Mh9Z6YDRaN1Wp9GoJ+OauY+PZzDokWX54TnN/KzLshFZ\nNmEyaLOsyV7C4qlJzOdAjbktkjEmc8xCVvLeK98KKrSoifqiXcblNI2gvmhHhZaWr+rl1aw60plM\n3mDXwLFIYZyLu1LZ3w9OkHFwmw64CL69WmTzGTyb92v1UJ3PZBbXBDDeNFC6QRWrHq8gU6iU1PCq\nz9+ZlP0N1CjfAKUy96bDzo6Gjfoi8QfmFZ6eZEBiKY0b96VMGV8kKQo4m+HxSuUK6ta17hfAKlWa\nYzAcxrwMY3oazQrq1WuHUqmifPmWkMVZL1++FUqliir1evCn5ul5Zcw1hxh0VKnS3KKYXF1LUaiQ\nB/BfhjJJWkGNGq9bVM+rqkAmCc96lSlR2QvVv2qIe7gxDlT/qilR2QtPv0oW19X8owBUIRo4jvm9\naAKugGqThtbj+iJJEi1GB6BMUJmXKns0f3QMsMy8aJFXs+rWfHr49myB/X1HpN0KeHRZ9g6oV2vw\nG9gGB1dnqx6vIPMJGkinPt/zicaBNZj/xAZgDfCJxoFOfWbZNsBnaNVqOI4OJhQEADcfbr2Jgu44\nOsj4+7+HWm1HQMBENJruwEHM32RMSNL32Nn9Tfv2H2ZZ/4twdnanTZsP0Gi6ACcfbo1Dofgfjo4n\naNFiEAB9+kxGoxkFT511jWYUffpMAqB5i8EEO7oyXqFMexuHAh00jrRu86HFPbMkSaJv32loNIOA\n7ZjfxFrgdzSa7+ne/XMrPPOCq0AmCUmS6LloFDXrNke1SIPqBzWqRRpq1m1Oz0WjMowneJailT15\na9kXlLxTHsUsJcrvVbgcKkqXr9/Du309ADSO9ry7dSaFY4vAD8BMYAGUKlGRoVutf2PfrpADb6+d\nREVHXxRzVEhREvZrnWg6oBv+YzJedxUy92iwXJUqzRj66WYmeFbHTaXBTaVhgmd1hn66mSpVmtk4\nyqwpFAq++e4MpT1vY+4p4QJ4U9rzDt98dyZt/ELbtiPp3388Li4DUauLASfx9g5i4sSgHOn+2avX\nVLp1ewsnp06o1cVRqcrg63uVSZP24OBQGDCf808/XYWn5/eoVEVQqYrg6fk9n366Ku2cOzgUZsyk\nEPb6dsJTpeGkpOB1JzeqdZtMt17Zu9lcv34A7733M0WLjkGlKopSWZTy5ZfzxRdb8fSsZvVzUJBk\nuTJdfvG8lekMWj2pD5Kwd3FCZZfVjQOz562SlvogCaPeiGORQlkmmuS4RBJu38PNqzgax5yfOkGX\nlEqdMDdOV03Kl6OobbUyXVajqRMSYgCeOQYA8t5KY8nJ8URHX8PDowKOjoUz3cdkMhEff5dSpc6R\nnNw6x2MymYzEx9/F3r4Q9vZZt24tOeepqYm4uR0iKan1S63vLcsyCQnRKJVqnJzcXrie7Mprrxew\nwsp02Vm7Oi+PuFbZqXEu5vpSdSTfTyB44RbObTqEyWCkfLOaNBn5Bu7lS2TY19HVGcdnXO6JCLnE\n/l/XE3XmBvauTtTt8xp1+7+GUvP4T3H5v1A2jwtEG58MgF1hRzp9M4zKr9XOUJ/GyR6FSpkvE4St\nfL0kDJjCUq9JGcqelxzyGlmWCQlZzebN84iJuUbRohXo1Gkk9ev3zPBFRqFQ4OpaAoXixXu/6XQ6\nvvnan7BrZzFiRC2pqN+4K8OGLc2wr0KhxNW1ZJZ1hYZuYmHgeyQlmycgc3IsxNBhC6hdu3OGfe3t\nnVEq1S+VIMB8laFw4WIvVcerJsskUa9evSzXtX6Srde4zmnJ9+JZ3G0SKSUSMHY0gBrOnT3MpW7H\n6Ld8PMVrWL5q37kNh9g6cTGGZjroC6lxSexdtZZL/x2j79JxKFRKzm0MZuNnv4IfUMf8OO2JZNYN\n/5Eus0dQ7YnlSQXLmRNDegPDMk8U+cnKleMJCtqEVjsF8CMp6Ri//TaJq1dP0LevdS91Go1GPn6/\nJKl6T2RWAVXRywc4ePAzbob58tWMUxbXFRy8il9/HQwMwzx+A5KSf+PHH3szYsTvNGzY26qxCy/u\nmWtcC3Bw3gaSS8Zj6vg4EcotTeidtWybsoSBqy37kDFo9WyfuBRDb515AByAGxjK6oj68wYXtx7F\np0tDtny5EJoC/k88uD1gD1u+XCSSRDZllhyelJ8TRWTkJXbt+h29/jzmQWsA5dBqW7Jrlw+tWg22\n6rQiK1Z8RqreHpnDPF7NygtoRsRtb65ePULFig0sqmvRwg+BscCT5/4HwJVFiz4USSIPyfIaRbly\n5Sz+V5Cd23gYU71MWkq1IPpMOMn3EzKWZeLm4QtQRHqcIB5Rgr62llPr92LU6TAmGiCz91kDMCbq\nMerEaGpLfL0k7LkJ4pGBYVNyNpgcEhKyBpOpL48TxCNFMJn6EhJi3dXrgvevROYDMi53WA4lrVi1\narRF9eh0OvSGWCCznlUfotfHohOv8zwjWx3Ab9++zc2bNzP8AVu0sO44gLzEqDNkPjZICZJGwqC1\nbCCOIVWX9Rgje9Df1WLUGc09FLMa2SWDUWdEmckQCeExS5PDk/Jji0KrTcFodMm0zGh0Qau1fNoK\nS5hHnmd1s9cNnS7aonrMA/hMZBwpzsNtpof7iBd6XmBRkrh9+zZvvfUWe/fuTbtP8eRNsYJ8T6JM\nQ2+unjtpXlr4STfBrpAThYpbdlPc068yxjADJJPhi5jqkppKr9dB4+xgTiQXgKeHVlwA7DHvI2Tw\nIonhafktUVSr1oodOz5Gq51E+osCJuzs1lGt2k9WPV7Zir5cPL8EE++RfgS3FiObadHia4vqcXBw\nRsIFmfVAz6dK1yPhgoODGOuTV1jUJeaTTz5BqVRy7tw5HB0d2bdvH6tXr8bHx4dt26w7L1Fe0/zD\nANQHNXCOx6s2RoBqowb/z3paPO24U9HC1OzZDNVaDcQ+3KgH6aCEOsKOWn3Mc+v4dm0BG4CrmFsV\n8sOfNzwsE9LJzmUlS+SnS08+Pq0oWbIIKtUw4N7DrfdQqYZRsmRRfHxaWfV4w4evROY0EqN5vCTi\nbRR0xU6loHVry5cvbd7iTcxzN+3k8Qt9JzD0YZmQV1jUktizZw+bN2+matWqSJKEh4cHTZs2xc7O\njgkTJtC2bducjtNmitcoR8+Fo9g2aTHx2+8hqRWoVRpaft6LGgHZW66x7YQB2P/oyLHFO5EcJYwJ\nBkrWrkCnNe+mjZLu8PVgtAkpXPw75HEKN4F3m/p0+HqwlZ9d/mXNxPC0/NKikCSJceM2sGTJpxw7\nVhGVqgQGQyR+fm8yaNCGbA0atYSLiwdjx23mx1nd0RrnIeGOzH2cHd2YNvNStuoaPHghKSnxhIQE\n8HjiMz3163dg8ODM1vYWbMWiJJGSkkLRoub+4+7u7ty9e5cqVapQrVo1Tp2yvNtbflWmoTdDt33N\ng4gYjDoDruWKvdC4BIVSQctRPWnyflceRMTg4OKEk0fGa8rdfnkfo9HIuX8OAVCte2OUypfrH14Q\n5GRieNqjFkVeTxYODoUZMeI3kpNnExd3G1fXUjg6Zn6fwhp8fPxZ8FssV68e4caNY1Sv/jrFi1d8\nobref38VRqORQ4eWA9C4cT/xOs+DLEoSVatW5cKFC3h5eVG7dm3mz59PmTJl+OWXX/D0tO2qTtGX\nItgy/jcaDe2UYXDbtT2nCV68hbgbUbiWK07DdzpSoWXNFz6WS+mXH2h1bsNhgr7/m8SYOJRqFdVe\nb0jbrwaiemIwXfL9BI4u3s757UcAiL0RSb132uHo/vhGn8lo4uy6AxxbuZPPB33Kv7/+RaOhndKt\nlmcL1/ac5tz8LTy4EYVLueJUG/5i5zz+zn12jPud2EPnkYwylTw8CO7ShYalS6ftI8sya8+dY9Gh\nQ9xKSKB68eJ82KwZTcuWzfbxLkZHM3TDFoJvma8FNvR0Y+EbHRn4xKA7k8nIgQN/snPnUj79tCd/\n/bWUTp0+ply59IMcd+36lY3/fEd8Uhx2Ggeat+xD797f5egyn46OLs9MDvv2LWH58i9JTU1m1qzJ\nzJnzGaNGbcHV9fF7JiUlnt3/zePkgaUYDFq8a3XhtQ6jKVKkTNo+JpOJVavGsG/PSrS6FAo7fUeX\n7mMyXGq6cSOUzZvncPXqMZydi9CmzUCaNh2QYTCcUqmkWbO3X/r5X758gE2b5hIRcRY3N0/atXuX\nevXeTNeauncvnK1bf+LkyZ2oVBqaNn2T114bnjZViC2kpMTz33/zOXBgLQaDjlq12tChw0fpzrks\nyxw9upbt2xcRG3uL0qWr07nzh1SunL0rGS/Komk5li9fjl6vZ9CgQRw/fpz27dtz79497OzsWLp0\nKT17Pn3zKaPU1FRatGiBVqvFYDDQo0cPpkxJf/1XlmU+/vhjtmzZgqOjI0uWLHnuaG7JQ0KqoUB1\nQk2v30dT2s/cL/zA3PUE/7kVfWOtudvpHVAfsqPhgA40/bBbpnXl9BQRe2et5VDgRmgBVAQeAHvA\ngUKM3PMDKo2KhMhYlnSfhLZ0Msaa5tk9ladV2EU4MuifKRQq4YbJaGLtiB8Jv3wRfUMtszrMYsyy\nMSiD1XT9YSSVMhmZnRuOzFnPlflbmZKixQ84BkxysKPS8A40+Njyc/4gPJq/Wn1OK4ORTzDf518O\nLAJW9e1LZ29vZFnmo40b2Xv6NOP1eqoCB4DpajXT2rdnsJ+fxXEfvXWLRguXIxOAieEAKJiPxDoO\nD+3H2aaBmExGfvyxDxcv3karHcusWRrGjDmDWv0dI0f+njZKeGHgOxw4uB6YBjQHLiDxJaVKODP9\n69DsnE6rWbVqLFu3/gJ8CgQwa1YEo0fPRpJC+eGHC7i6liApKY5ZU+pTNzaCD/SpOAJ/KdX8qXFk\n9IRDlCrlg8lkYsL4utyOTERmOlAV2AdMoGmTbgwdZl718cSJjfz66xD0+jHIclvgBnZ23+LtXYpP\nPln5wqOms5raYs+e31m+fAI63ZeYBxldwM5uBg0btmDw4LkA3L59nmnTWqPTvYXR2BtIRq3+FTe3\nC0yatAcnp5ebleFFYk9KimPKlJbExlZFrx8BOKJUrkKj+YsJE3ZRqpQPsiyzePFHBAfvRasdDw9f\n6RrNdPr1m0bLli9+CdrSaTks+mrTr18/Bg0aBJin4AgLCyMkJISbN29alCAA7Ozs2LVrFydPniQ0\nNJRt27Zx+PDhdPts3bqVy5cvc/nyZQIDAxkxwoIbYWqQ/U3oX9eyeVwgsiwTFx7NocDN6AdozaOW\nSwB1QD9Ay+HAzTwIt6yrnjXpklM5tGAj9AeaYU5cVYEhkKJPYP/35oVPdn2zgpRKiRg7GaAsUNa8\nFGpKpUR2fbMCgMs7jhN+/iL6flpzHWqQm8oYeujYNDbQ6utXWCIuPJrj8zZzJEXLO4Av8A5wJEXL\n8XnZO+dnev9AZ4ORfzCPKWwAzAFmACPWrgUgOCKCjadPs0+vpzdQCxgJ7NbrGbV1K3Eplnf/7LVq\nA68sNCYAACAASURBVCZGYuJPzB8yTTHxJyZG0mvVBgaGTcFl21tcvHgNrXYX0BVwQJbHoNOtJzBw\nGAaDnujoGxw4uBIIBj54GNX/s3fe4VGUax++t2YTEkIIgVSSkEhIaCH0XqSpfHQVpCkg5aCACkqx\nHQscFRD0IAooVcWjqHSlEwIkdBASILQQSID0nt3Z3fn+WAIpm7DAJtnA3NfldcnM7MxvHpb9zbzv\n+zzPi4gcJ+FmAnv3LrdYk7UwGAxs2/YdsAr4BAgDqgO7EcVQ5s9/FoC/N8+hfWo8vwr5d2O+0CDw\nfl4mv64wNQcKD/+BhJsJiByHu1F/DYjiwMF1JCXFodcLLFs2Hp3uT0RxOhAK9EOr3c3585c4cWKj\nVe8vJyedtWvfQqfbg+kbYIq5VrufyMhNXLxo+o1ZseIN8vJmYTDMv3N3XRCEdaSmhrJ58xdW1WQp\nmzd/QWpqMwRhHQXfdINhPnl5M1mx4g0ALl2KIjJyE1rtfij0Tdfp9rB27Vvk5KSXen5r8cDvv9nZ\n2RiNRsLCwu7OU1iCTCbD0dE0OSsIAoIglJhY27BhAyNHjkQmk9GmTRvS09NJTEy07ALBkJOeScrF\nBM5tjkIMMZpr2IUxxEjM5sMW67YWx1fvMi0xLz4SogTawelN4YhGIxe2HkNsU7Jhktj6zj6jkVPr\n9yGEaUsOFtYFsbqR+Kjz5XQXpXNucxRDjEaKV7NyB140WhbzgpVKpxMSeIeSbXLGAUk6HZdSUvj5\n5Ele1espPlBQH+gik7HpgmUTqXqDgSuZKYiU7NUuMp0rmSnoDQaWHb+AVvsaJZNY2mE01uX8+X1s\n3vwpCjreUVGY6sAkdm1fbJEma7J79zeYNA8stkcOzCA+Pg6AIxGrmK7Xmom5yIXLR8jOTmXn34sx\nmULJqCvowJYtczl/fh9Goy/Qrtgxdmi1r7F3789Wua8CTp7ciFzeFXMxF4SxHDiwjuzsVK5cOUTJ\nTngy9Po3OXBgnVU1WUpExM/o9W9S8pv+KpcvHyQ7O5WIiJ8RhFcxF3O5vAsnT24qd50WV4FduHAh\nCxYs4MYNU39oT09P3nzzTaZOnWrxKgqDwUDz5s25ePEikyZN4rPPipb77dOnDzNmzKBDB1Op4Kef\nfprPPvuMFi1aFDlu6dKlLF1qaoR+8epF3vv6PdPNJMup6VOH/KxccvIyzOfqZEE1e2ec6pRMCrLP\nV5CnKZ+cj6ybaeRkZoCrmZ35IMuUUbtBXW6diTO9ZRQPqQgkmlZbpV69iaDW3k3O87bz5rr2OgCy\nNBnOtd3QVC/ZrKU8yb6ZRvWkjBIJ5QAJQJabM47u5mNeM6foU/+JhAQaYb7Z30ngqVq1SM7JoVpe\nHuYeU+JkMhyqV8fNgha7RlHkRGIipmJZ5jhGMw8PLqSkk6PzwlSOG7y9s7l+3fTQI5NdxM2tFjk5\nqeTkyDGVqihOMkrlLby9rdtb5H6kpSWQkZFG4cSbe9pzgQv4+YUSH3eChqLRbMxPyeS4ezXi5s0L\n6PV1wGzUr1Ctmki1ajVJTk7GaDTXsyUDO7vbeHg8XKkQhSIbg6Fo/kRWVhKpqXmIorl5qGSqVcvB\nxcWTGzdiEEVzzcYEZLJofH2bPpQmSzGnPS7uFKIYgrlvukx2Gi+vYNLSEsjJqYa5mMtkcdSs6XCn\nodKDM3futEerAluYt99+m6VLlzJ9+nTatm0LwKFDh/joo49ITEzk888/t0iUQqHg5MmTpKenM2DA\nAM6cOUOjRo0s+mxhxo0bx7hx4wCQecqYdmGaqanQ92pej/qa64fP8+cnixFGa4v+2Iqg/sGOfh9P\nol5QyS9Mec5J3BRusGrsh/AWJTOv/4C6jg0Y+uMMlr+1gJTGCaZhpMKcA9d/PBm7ZQ4Rf+8iMmIL\nhudM2d7z6s8zxSAfFF8rGb/7C5zqVGxf5suJMZz9YDFncrTFQ06janY0XGw+5r0PqulS7Kl/9Gef\nMT0vj+KDjUeA94Hkd99l7enTrNi2jS1C0Yx3ARiuUrFlzBiaupes0muO5z5eSL5hFdC32J6NaBSf\nkPfeVPbvCec/EXXJN5jG3efN28u0aV2ATJTKAXzxxVliYyP45puJmHqnFf2Hr6AzbTvUY+zYSRZp\nshbp6VeYPj0EOE/Ba+w97e+i0fzAt98m8PP3n/Jy9E6zMf+PkxtzFiXy228/cSjiCgb2FjtKAAbx\nr38t4amnWvHOO40QhKsUf/pVqV7luef86N/fXG/r+2NuXD8+/hSffPIcOt0Visfczu45hg0bRIcO\n3fjgg1fJzv4VUzP6wnxLw4Z7mT59ykNpshRz2r//fhHR0XZwZx7sHkdwcvqSRYsucuTIKn78cQVa\n7ZZixwio1cN5990t1K1bvgZn0XDT8uXLWb58ObNnz6Zbt25069aN2bNns2zZMr7//vsHvmiNGjXo\n2rVriUQ8Ly8v4uPj7/75+vXrlq2eSgfVH2pavNITtYMd/p0aUd3JFflOhamFKIAO5DsVODm54t/p\nwY3pUXFv5Idz3VrwC/e61xmAo0A0dP9gBABd3nge5XY13Cj04Rug3K6myxum+Z9mw7qhvKwyzQwX\nvPhkg/JPNQ36tDL7llTe+HdqRLanK1NUCnLubMsBpqgUZHvei3nBkFJZSXCzunfnHe6lWQHEYMrN\n7d+oEWqlkiGNGnHezo65MhnaO8ekA2OUSsK8vS02CIBp7Zsg4xVMP4kFHEHGK0xrbzK2iS3D0Kg2\nIOM77rULvYVaPYRWrV7ExcWTVq1ewNHBHjkvca8lohYZHyPKjvPiixU/9u3m5o+Liw/wf9zrXgem\njnBfMmzYHAB6DvyYd9UOJWL+ktqBZwZ8hFyu4MUXv0CUHUPGx1Ao6nJewsnBnlatXsDFxZOWLZ9H\nrR4C3LpzjB5Yikq1hW7dHs4gSqNu3aYEBDRDpRpD4ZjL5XPRaM7TuvUQ5HIFAwfOQq0eeeeuoCB5\nT63+gAED3rGqJksZOPAd1OoPKP5NV6tHMmDALORyBa1bD0GjOY9cPpfCMVepxhAQEFbuBgEPMCfR\npEnJp8AmTZrcqedyf5KSkkhPN/0l5uXlsWPHDho0KPq43LdvX1avXo0oikRGRuLs7IyHR+n16AFk\nKTKU36tp3q8nnaaaxl1lcjkvrZ2Jr30wiq9U2K2yR/GVCl/7YF5aO9PiLGlrM3rDJ7jae8JCYDHw\nBSjClQxYPBm3+iYzDOzejF7vjULzZzXUSzWol2rQ/FmNXu+NIrC7qXZ4tVrVGfbzbNyueqP8Wo0s\nWY5yiYpGrdvzzMeVk3Ank8vp98tM9rQNxtNORVMnezztVOxpG0y/X0wxtzTPYWzz5rzVuTODZDK8\ngUCgBdAyKIjVgwcD4KBWs3vsWPZ4eeGjVNLazg5/pRJFUBA/DRnyQNo/7taN8c3rIacLcure+a8L\n45vX4+NupuY8tR0diRg9lEa1v8Be6YFCFo1GGcjoxpmMHn2v/MUnc47iWvM04IGcBoAb9nbfMGv2\n9krrVfHZZ2dwccnD1L2uPqa2omN45plJdOz4MgCBgW0YNelXXnb2oJ6dIw011WmvcaLNoE/o3M30\npOvkVItZs7djb/cN4Hbn/jxwrXmaj+fcG7YYPfpr2rcPQqVqgL19K9Tqunh7r2T27B3l0sthypSf\nadZMgUrlj719a1QqH/z99/D++7uxszMNu3bt+ioDB/4LjaYLGk0odnb1qVHjX0yatILAwOI1dyqG\nwMA2TJq0AmfnidjZ1UejCUWj6cKgQf+6a6Z2dg68//5u/P33oFL53Lk/f5o1UzBlyk8VotOiOYmp\nU6ciiiKLFi0qsv2NN97AYDDw1Vf3rxFz+vRpRo0ahcFgwGg08sILL/D+++/z7bffAjBhwgREUeS1\n117jr7/+wsHBgRUrVpSYjyiOa6AnozZ9iNrBXFU8yLqVRuaNFKp7ud73CbuiuqRlxCdxJeIszt61\n8O9o/q3GqDdwO8b0VlU72Ae50vyywdQrN2mb7sOpeulonO8/Bl8RFI95Weawt379EsNNBegNBn6P\niSFPr2dAgwZU15ivkBiXnk5iVhYBNWtaNA9RGvmCwG/R0QAMDglBozLfyTA2JYULzZvTPiaGGvb2\nZhPubtyIITb2AJ6ewdSvXzHr2e9HUtIV9u1bzsCBoYjiQLOJa0ajkevX/0Gv1+Hj0wSVyvy/qwsX\nDpCQEMNTT7XHyyvY7DE5OekkJp7D0dHVKiXL79fdLTMzidu3L1Gjhge1apnPFxIELfHxp1Eq1Xh7\nNy7X3JXClKXd0pgnJ8eRnp5I7doBVK/+cPMQhbF0CaxFJjFx4kR++uknPDw8aNPG5LpRUVEkJCQw\nbNgwlMp7UxuWGIY1Kat96Y1jFzm86i9S425S09edVqN649Xc3ISaicpqpfmo2KJuS98aSjOJPEFg\n9cmT/H7yJDqDgaeDghjfqlUJE9hx6RLfR0ZyIyODEHd3JrVrR5MHGGp6EERR5M9z51h9+DC9p0wh\nZs0aJrVrx1OuptUIBWYRH3+avdvmcfPaCZxdfWnXYwqNGhUtXZOZmcS+3d8Qe/xPFEo7mnR4mfYd\nRqFW3yvgaDDoiYpax549P5Ofn03Dhu3p2fNf1KzpXeRcFy8eIvyvBaTcPIerewM69X6TwMC2pd5H\naT9YOl0eByJWcTpiJQa9lqfC+tO527+s8oNkDSqiBailMX9QHsv2pYU5d+7c3aS2uDjTkjl3d3fc\n3d2JiYm5e5y1a8U8CkdWbCf8q9/QtxKgmUhy4g0ujz1Np8mDaflKz8qW99hijdIZ2VotPX/4geqp\nqUwUBByAX5KTaX7kCHvHjqVeTVP/hNnbt/PLkSNML0imS0qiR0wMX/frxwsPsSCiLERRZMz69Rw7\nf543BQFXvZ5rJ07Q7vRpfhk6lG716jHq6r+ZdKsB674fzRt6LR2NBmKun+E/MXuJ7TaRAUNMcxK3\nb19m3ket6a3N5gshn1zgv9f/Yf6eJbwx+wAajSN6vcD8+QO5fDkVrXYy4EZCwgb27m3OzJl/4etr\nGnrctX0h23+bzdtCHi1EkaM3zvL56a30HPwpT/ecavH95edn8+Wn7fG+dZH3dbmmBMbEc3yy879M\nez+K2rXrWTWetoilMX/SsMgk9uzZU946rEpmYir75v+KYawABYmUfiL6YB375v9Kg2da4mRmOabE\no2Gt2koLDhzAOyWFX/T6uyuleur1/Mdg4I1Nm9gwahTHExJYdeQIpwTh7qrizqLIc4JA1w0beOap\np3CyM//a/jBsjY3l8PnzHL5jWnuBT41GuhqNvPLbb1yeNo1cQeDn5SPYIwgUTCd2Bp7X5dBw92LC\n2r6Er28zfl3xKlNzUpkp3pvP66fLZfDNC2zf+jl9B35ERMQqLl3KQqfbR8E/U4OhGwZDc779djxz\n5x4mNfU6G36dyWkhn4LBlU6iyCBdLk1+nUlYy+dxcbGsbM72rZ/T8OYFfhPy78VcyGeOXsevK15l\n0ju7HjmGto4lMX8SeaABueTkZKKiotBqtfc/uBKJ2RQFIeI9gyigBhAiErMp0tzHJB4Sa5frXnv8\nOO8UMogCXhdF9ly7RnpeHj+eOMFYvb5E2klToL1Mxqbz1k0oXHv0KJPvGERhugNuej374+LYdP48\n7WUyiq83cQXGCVoiw38gJyeN6NgIJotFF3zIgFlCPof3mbKyd+9eg043jZLPccNISUkgMfE8UVHr\neF4UKT767gs8L4pERlqeJHZ433JmFTKIAqaIRqJjIyoks7eysSTmTyIWvUlkZWUxevRo1q9fj0wm\nIzY2lnr16jFhwgTc3d358MMPy1nmg5Gfno3BwXxpCoODnrw02xq/r4qUZ0XWNJ0Oc8+/1QAnuZxM\nrZa03FwalDKd5mU0kpafb11NublmNQF4yWSk5uWRlp+PVymr/XxEI/szb5Ofn0U1uZJqlGzP6QVk\n55v6NOTkpN3ZUhwFCoUHOTlp5GanEKI3/8BWV6/laHby/W/sDtn5WaXGvJpcSX5+ZrnXN6psLIn5\nk4hFbxLvvPMOCQkJHD9+HHv7exNrffr04Y8//ig3cQ+LZ7NAVHHmV8Ko4zR4Nit98lqibKz91mCO\nVu7ubDOz/RQgUyjwdHKilZ8f28ysPjIAf8tktLJydeJWfn5sM7MaKAeIMBho4elJKy8v/pbJMJez\nv9GuGnWDu1Cjhieiyg5zBfa3AQG+prm/+vVbI5ebi0ICev1FvLxCqBfYlo0ac2UFYKPGiXplTF4X\nJ8A3rNSYiyo7atTwtPhcVRVLYv4kYpFJbNy4kYULFxIaGlpkcjo4OJjLly+Xm7iHJaBbUxzkTsj3\nye8lm+lBvk+OvdyJgG7ln4DyuFER5lDA9K5dma1SFUltiwdeUamY1rEjSoWCYU2acFSl4hvu/RXn\nAZMVCurVrk1LK5vE+Fat+FWh4H/cS3vKBF5RKnk2MJC6NWrQ0suLerVrM1kup6DQiAFYLJNxWGVP\n27bDUSiU9Ogzi+FqB+ILnf8I8I7agR4DPwKgT5+pKJULgR2FrpiMWj2CLl3GYW9fnaZNnyPZqRYf\nyJUU5J3rgA/kSpKdatG06XMW31/3Af/mHbVDiZiPUDvQo88sFAqLBh2qNJbE/EnEIpNIS0vD1bVk\n0aGsrCybbBIiV8gZ9tMs6uT4ofxKhd06e5Rfq6iT48ewn2Y9VMOgJ5WKNIcCuvj782XfvvTTaGih\nVtPZzo6mSiUD27ZlSjtT4TgnOzt2jh7Nylq1CFCp6Glnh49SSaKfH78NH251TV7Vq7N51Cj+7exM\nkFpNrEyGr0JBtaAglg66127zt+HDSfT3p65SSU87OwJUKlbXqsX+l4dgb2966u/R+y3q936Thip7\n2tpXp6nGiWccajB49Pc0aGBqY+vl1ZDJk3/EyWkcGk0T7O27oVQG0r59U4YM+RQAuVzB1FkR/OnX\nHC+VPV3snfFW2fOnX3Omzop4oJLcwcFdGDz6e55xqEFTjRNt7avTSG1PUO+36NH7LStG0naxJOZP\nIhblSXTp0oX+/fszdepUnJycOH36NP7+/kycOJG4uDi2bt1aEVrNUlaeBEDKpUQyridTw8eNmvXK\nXj9vi/kGllAeuivKGMpKphMMBg7Fx6MzGGjt7V3qaqV/bt0iISuLIFdX/FzKd9WaKIocS0ggoW1b\nWpw5g2d180+XV9PSOJ+SgqeTE43r1AFKdrnLy8vi8uUolEo1AQFtUSpLDp8ZjQYuXz5Mfn4Wfn7N\ncXQ0VyESEhPPk5x8FTc3f9zdi1dELUpZa/b1eoFLlw6h1+uoV6/1XWOzBSoq18DSmD8Ij32exJw5\nc+jVqxdnz55Fr9ezYMECzp49y+HDhwkPD39kseWJa4AHrgFll/aQuEdFvzWUhnAn23rVyYvk640M\naJDMy81CSxjFiuPHWRgeTmZeHh41avBJr150q1d0TX9CZiaLDx9n/7UU3B3tmNiyIV38/B4qr0cm\nk9HCy4u9Gk2pBrH78mXe/ftvEtPTqW5vz9ROnXglLKxIS9S8vCwiIlZx7NhOVCo1HTok0rz5wCJG\nYTQaOXVqK/v2/UxeXjaNGrWna9exJX60jh/fwP/+9xHp6anUqFGTF154n7CwfkWOyc5OIXzPd1w5\n8zdjpowk5nwWTZs+VyLjWKlUERTU6YHjUpy0tAT27VrMjQv7cXB2p023iTRo0MWmcqlKQy5XlJmM\nCHDjxlm2b/+OhITLeHrWo2fP8Xh5lV+F38uXD7Nz5/ckJd3Azy+EHj3GU7v2w7WNfVAsMol27dpx\n8OBB5s2bR0BAALt27SIsLIxDhw7RuPHDtwOVsB1sxRzAVB7j6dW/ceqmIzmCqTdd1I01fHZgBVGv\nvoTXnR/nPqtWcejKFaYDIUD4rVv0Xb2aaZ0782HXrgBExsfTY81vCIYhaA3PIOMqW2MXMLJpXRY/\n97TVf7Q+3LOHefv2MQFTA8JorZZpGzfy+5kzbBppatPZ/fRbNPphI7m5TdHphgG5XLiwiB07vuft\ntzeiVmswGg38978jOHv2LFrtJMCNy5c38NdfTZk9eyeenqa6Z8uXjyMiYh0wBWjFzZuH+eqrEXTo\nMISxY03l9BMSYljwaQd66fKYKeRhyO3Ljm+ncLRhd8a8tv6hO8WVxsWLkSz+ogcvGARe1mu5ioyF\np7cS3H4kL4xYXCWMoiz271/FmjVvo9dPxGjswaVLxzh0qBsjRnxOx46jrH69jRs/Z/PmrxCEyYji\nc1y+fIB9+9rwr3+tJDTU8nmnh8Xi2ajGjRuzatWq8tQiUQnYkjkUMP9QFCcS/cjTbwFMP2C5wvNo\n9bMYt2kbW4b154/oaCKuXCEaKFh30xcYDHTdt4/XWrWipr09A3/ZTLZuFaZucqbpyBxhFKtPhTIw\n+DLdA6z3NJack8Nn+/axBygoGdcXGAkEX77MhnPn6NegAa9u3EVWxvMYxDl3P6vVDicurj9//72I\n//u/dzh06EfOnLmMThdFQW15QRiAXr+EJUvG8vHHEcTHnyEiYi1wAlPxPjBVex1OREQovXpNxsen\nEWuWDOXDnDQm3ZmM3Qsc0+bQ4exODh36ifbtR1gtBkajkR++HsgKbTb33mVERmlzCDuwmujmA2nY\nsLvVrlfRZGTcYvXqNxCEQxTE3Gj8P3S6oaxe3YYmTXrj7FzHate7fv0MmzYtQBCOU/BNNxj6YjAM\nYMmSPnz11bW7RQzLC4tmcKOjozlfKDlpx44dDB8+nLlz52IwlE+THonypTImpC1lyZFo8vQfUmAQ\nBRjEd9h5+QIZ+fl8fudpvfjCzDaYOgZ8Gh7Ogfh4snUulOwTUYMcYRrfHIm2qu6Pw8NpyT2DKMAT\nmAh8tncvGf